0,0
100,57
200,111
300,158
400,210
500,261
600,310
700,354
800,400
900,446
1000,490
1100,536
1200,585
1300,635
1400,688
1500,737
1600,781
1700,826
1800,877
1900,922
2000,970
2100,1015
2200,1060
2300,1108
2400,1161
2500,1217
2600,1272
2700,1320
2800,1369
2900,1422
3000,1470
3100,1518
3200,1569
3300,1619
3400,1668
3500,1713
3600,1755
3700,1803
3800,1852
3900,1895
4000,1943
4100,1986
4200,2032
4300,2070
4400,2115
4500,2166
4600,2214
4700,2264
4800,2312
4900,2355
5000,2407
5100,2455
5200,2495
5300,2541
5400,2588
5500,2639
5600,2680
5700,2724
5800,2776
5900,2820
6000,2881
6100,2925
6200,2973
6300,3009
6400,3055
6500,3094
6600,3146
6700,3193
6800,3237
6900,3283
7000,3330
7100,3382
7200,3417
7300,3469
7400,3511
7500,3555
7600,3589
7700,3624
7800,3667
7900,3706
8000,3749
8100,3793
8200,3829
8300,3872
8400,3912
8500,3953
8600,3996
8700,4046
8800,4094
8900,4139
9000,4177
9100,4225
9200,4270
9300,4317
9400,4357
9500,4407
9600,4449
9700,4492
9800,4532
9900,4573
10000,4623
10100,4663
10200,4701
10300,4749
10400,4792
10500,4831
10600,4875
10700,4923
10800,4962
10900,4998
11000,5046
11100,5088
11200,5141
11300,5183
11400,5220
11500,5260
11600,5300
11700,5341
11800,5376
11900,5415
12000,5465
12100,5503
12200,5542
12300,5575
12400,5629
12500,5674
12600,5712
12700,5756
12800,5794
12900,5830
13000,5872
13100,5917
13200,5966
13300,6009
13400,6053
13500,6085
13600,6126
13700,6168
13800,6203
13900,6233
14000,6267
14100,6307
14200,6349
14300,6397
14400,6433
14500,6461
14600,6502
14700,6546
14800,6585
14900,6626
15000,6667
15100,6705
15200,6756
15300,6801
15400,6837
15500,6875
15600,6909
15700,6945
15800,6983
15900,7021
16000,7056
16100,7087
16200,7114
16300,7156
16400,7195
16500,7233
16600,7267
16700,7305
16800,7348
16900,7394
17000,7433
17100,7470
17200,7510
17300,7547
17400,7587
17500,7626
17600,7664
17700,7702
17800,7739
17900,7781
18000,7822
18100,7859
18200,7889
18300,7924
18400,7962
18500,8003
18600,8037
18700,8063
18800,8099
18900,8133
19000,8174
19100,8214
19200,8254
19300,8289
19400,8325
19500,8360
19600,8393
19700,8424
19800,8458
19900,8497
20000,8525
20100,8553
20200,8591
20300,8621
20400,8656
20500,8702
20600,8736
20700,8770
20800,8804
20900,8842
21000,8881
21100,8917
21200,8952
21300,8980
21400,9011
21500,9040
21600,9075
21700,9107
21800,9148
21900,9178
22000,9206
22100,9234
22200,9267
22300,9303
22400,9335
22500,9369
22600,9402
22700,9429
22800,9459
22900,9493
23000,9531
23100,9567
23200,9597
23300,9632
23400,9657
23500,9680
23600,9715
23700,9744
23800,9767
23900,9806
24000,9835
24100,9869
24200,9900
24300,9928
24400,9958
24500,9994
24600,10023
24700,10068
24800,10109
24900,10139
25000,10170
25100,10201
25200,10237
25300,10270
25400,10297
25500,10334
25600,10356
25700,10382
25800,10419
25900,10452
26000,10493
26100,10519
26200,10555
26300,10587
26400,10612
26500,10643
26600,10670
26700,10702
26800,10732
26900,10765
27000,10796
27100,10825
27200,10860
27300,10899
27400,10929
27500,10956
27600,10987
27700,11014
27800,11041
27900,11073
28000,11107
28100,11127
28200,11151
28300,11177
28400,11215
28500,11238
28600,11266
28700,11289
28800,11313
28900,11343
29000,11371
29100,11391
29200,11422
29300,11457
29400,11484
29500,11506
29600,11535
29700,11564
29800,11596
29900,11623
30000,11646
30100,11670
30200,11697
30300,11722
30400,11754
30500,11781
30600,11805
30700,11834
30800,11864
30900,11893
31000,11912
31100,11944
31200,11970
31300,12001
31400,12029
31500,12056
31600,12080
31700,12102
31800,12128
31900,12150
32000,12175
32100,12207
32200,12240
32300,12262
32400,12295
32500,12322
32600,12359
32700,12389
32800,12418
32900,12444
33000,12470
33100,12494
33200,12522
33300,12551
33400,12570
33500,12593
33600,12612
33700,12637
33800,12654
33900,12688
34000,12704
34100,12729
34200,12759
34300,12781
34400,12801
34500,12830
34600,12856
34700,12878
34800,12905
34900,12927
35000,12957
35100,12990
35200,13011
35300,13035
35400,13055
35500,13075
35600,13099
35700,13136
35800,13156
35900,13177
36000,13194
36100,13217
36200,13248
36300,13278
36400,13302
36500,13330
36600,13352
36700,13375
36800,13401
36900,13423
37000,13457
37100,13485
37200,13516
37300,13534
37400,13558
37500,13585
37600,13607
37700,13626
37800,13654
37900,13679
38000,13702
38100,13728
38200,13746
38300,13771
38400,13798
38500,13825
38600,13842
38700,13868
38800,13890
38900,13914
39000,13940
39100,13964
39200,13986
39300,14001
39400,14028
39500,14058
39600,14081
39700,14110
39800,14133
39900,14156
40000,14180
40100,14198
40200,14213
40300,14232
40400,14257
40500,14283
40600,14309
40700,14334
40800,14360
40900,14380
41000,14409
41100,14429
41200,14455
41300,14477
41400,14499
41500,14528
41600,14553
41700,14570
41800,14590
41900,14613
42000,14632
42100,14659
42200,14676
42300,14697
42400,14719
42500,14742
42600,14763
42700,14782
42800,14802
42900,14825
43000,14850
43100,14874
43200,14896
43300,14924
43400,14944
43500,14969
43600,14990
43700,15010
43800,15025
43900,15048
44000,15070
44100,15089
44200,15111
44300,15128
44400,15149
44500,15168
44600,15190
44700,15214
44800,15235
44900,15260
45000,15283
45100,15309
45200,15323
45300,15346
45400,15369
45500,15381
45600,15398
45700,15413
45800,15427
45900,15439
46000,15465
46100,15479
46200,15502
46300,15517
46400,15544
46500,15557
46600,15576
46700,15602
46800,15618
46900,15632
47000,15659
47100,15679
47200,15709
47300,15727
47400,15751
47500,15777
47600,15806
47700,15822
47800,15835
47900,15855
48000,15875
48100,15889
48200,15902
48300,15926
48400,15946
48500,15966
48600,15978
48700,15990
48800,16013
48900,16033
49000,16044
49100,16059
49200,16084
49300,16108
49400,16127
49500,16160
49600,16184
49700,16193
49800,16216
49900,16229
50000,16245
100,57
200,111
300,159
400,211
500,261
600,307
700,353
800,394
900,435
1000,487
1100,532
1200,576
1300,631
1400,676
1500,722
1600,768
1700,813
1800,872
1900,915
2000,959
2100,1004
2200,1048
2300,1090
2400,1147
2500,1210
2600,1259
2700,1313
2800,1364
2900,1415
3000,1471
3100,1524
3200,1572
3300,1618
3400,1669
3500,1713
3600,1750
3700,1801
3800,1845
3900,1888
4000,1940
4100,1984
4200,2026
4300,2068
4400,2116
4500,2164
4600,2217
4700,2265
4800,2311
4900,2349
5000,2400
5100,2448
5200,2494
5300,2543
5400,2589
5500,2632
5600,2672
5700,2718
5800,2767
5900,2811
6000,2868
6100,2909
6200,2957
6300,3010
6400,3055
6500,3093
6600,3148
6700,3193
6800,3232
6900,3271
7000,3318
7100,3365
7200,3400
7300,3455
7400,3496
7500,3538
7600,3582
7700,3621
7800,3667
7900,3710
8000,3754
8100,3790
8200,3830
8300,3874
8400,3910
8500,3951
8600,4000
8700,4049
8800,4095
8900,4147
9000,4195
9100,4237
9200,4283
9300,4327
9400,4376
9500,4420
9600,4459
9700,4502
9800,4539
9900,4581
10000,4631
10100,4667
10200,4701
10300,4752
10400,4803
10500,4848
10600,4892
10700,4937
10800,4973
10900,5017
11000,5054
11100,5100
11200,5153
11300,5193
11400,5234
11500,5281
11600,5324
11700,5363
11800,5400
11900,5443
12000,5492
12100,5532
12200,5568
12300,5609
12400,5659
12500,5703
12600,5741
12700,5788
12800,5827
12900,5859
13000,5900
13100,5946
13200,5991
13300,6039
13400,6078
13500,6111
13600,6146
13700,6196
13800,6238
13900,6276
14000,6304
14100,6351
14200,6391
14300,6434
14400,6471
14500,6504
14600,6546
14700,6581
14800,6617
14900,6661
15000,6698
15100,6736
15200,6783
15300,6822
15400,6870
15500,6906
15600,6943
15700,6978
15800,7017
15900,7051
16000,7091
16100,7126
16200,7150
16300,7187
16400,7226
16500,7264
16600,7293
16700,7326
16800,7367
16900,7404
17000,7445
17100,7484
17200,7527
17300,7566
17400,7601
17500,7637
17600,7676
17700,7727
17800,7765
17900,7808
18000,7845
18100,7878
18200,7910
18300,7947
18400,7984
18500,8017
18600,8046
18700,8069
18800,8102
18900,8130
19000,8168
19100,8201
19200,8243
19300,8284
19400,8320
19500,8351
19600,8391
19700,8423
19800,8448
19900,8485
20000,8521
20100,8555
20200,8591
20300,8618
20400,8651
20500,8683
20600,8716
20700,8742
20800,8766
20900,8800
21000,8833
21100,8870
21200,8905
21300,8934
21400,8969
21500,8999
21600,9041
21700,9078
21800,9121
21900,9151
22000,9179
22100,9206
22200,9245
22300,9281
22400,9316
22500,9347
22600,9380
22700,9405
22800,9434
22900,9465
23000,9499
23100,9533
23200,9560
23300,9590
23400,9623
23500,9654
23600,9689
23700,9719
23800,9752
23900,9785
24000,9815
24100,9852
24200,9887
24300,9913
24400,9949
24500,9981
24600,10014
24700,10050
24800,10089
24900,10125
25000,10161
25100,10190
25200,10223
25300,10249
25400,10281
25500,10320
25600,10345
25700,10372
25800,10402
25900,10431
26000,10464
26100,10498
26200,10535
26300,10570
26400,10605
26500,10635
26600,10660
26700,10692
26800,10717
26900,10750
27000,10773
27100,10801
27200,10834
27300,10861
27400,10898
27500,10928
27600,10965
27700,10995
27800,11025
27900,11056
28000,11086
28100,11112
28200,11140
28300,11165
28400,11192
28500,11220
28600,11240
28700,11270
28800,11298
28900,11327
29000,11356
29100,11383
29200,11412
29300,11446
29400,11471
29500,11504
29600,11534
29700,11565
29800,11600
29900,11631
30000,11658
30100,11683
30200,11711
30300,11731
30400,11760
30500,11787
30600,11811
30700,11843
30800,11876
30900,11906
31000,11935
31100,11975
31200,11998
31300,12027
31400,12054
31500,12080
31600,12100
31700,12127
31800,12149
31900,12172
32000,12205
32100,12239
32200,12267
32300,12293
32400,12319
32500,12346
32600,12378
32700,12403
32800,12425
32900,12452
33000,12473
33100,12499
33200,12523
33300,12543
33400,12565
33500,12589
33600,12618
33700,12643
33800,12664
33900,12691
34000,12712
34100,12732
34200,12758
34300,12778
34400,12798
34500,12829
34600,12861
34700,12882
34800,12911
34900,12934
35000,12963
35100,12990
35200,13018
35300,13042
35400,13066
35500,13088
35600,13115
35700,13148
35800,13180
35900,13203
36000,13222
36100,13241
36200,13270
36300,13300
36400,13320
36500,13343
36600,13365
36700,13387
36800,13409
36900,13434
37000,13462
37100,13483
37200,13504
37300,13526
37400,13550
37500,13575
37600,13592
37700,13618
37800,13642
37900,13662
38000,13688
38100,13711
38200,13725
38300,13757
38400,13784
38500,13813
38600,13835
38700,13862
38800,13890
38900,13901
39000,13936
39100,13963
39200,13985
39300,14004
39400,14019
39500,14042
39600,14066
39700,14090
39800,14113
39900,14134
40000,14155
40100,14174
40200,14192
40300,14206
40400,14234
40500,14254
40600,14273
40700,14294
40800,14324
40900,14344
41000,14365
41100,14389
41200,14409
41300,14421
41400,14447
41500,14474
41600,14494
41700,14522
41800,14534
41900,14552
42000,14569
42100,14592
42200,14611
42300,14638
42400,14659
42500,14678
42600,14695
42700,14716
42800,14741
42900,14761
43000,14786
43100,14814
43200,14834
43300,14855
43400,14870
43500,14896
43600,14917
43700,14934
43800,14951
43900,14973
44000,14991
44100,15011
44200,15028
44300,15039
44400,15056
44500,15076
44600,15091
44700,15111
44800,15127
44900,15143
45000,15163
45100,15184
45200,15198
45300,15227
45400,15244
45500,15260
45600,15274
45700,15287
45800,15303
45900,15316
46000,15337
46100,15357
46200,15375
46300,15390
46400,15415
46500,15430
46600,15444
46700,15466
46800,15479
46900,15492
47000,15517
47100,15531
47200,15554
47300,15571
47400,15591
47500,15609
47600,15628
47700,15646
47800,15659
47900,15672
48000,15697
48100,15711
48200,15728
48300,15739
48400,15751
48500,15763
48600,15777
48700,15792
48800,15822
48900,15841
49000,15859
49100,15877
49200,15904
49300,15924
49400,15941
49500,15966
49600,15985
49700,15997
49800,16016
49900,16025
50000,16040
